$ANSIBLE_VAULT;1.1;AES256
64333337343465326434613233633463613338316165306562316236306363636631303666393063
6332373238666330363939366433666263383135326531300a343466653330613632363130616662
35313163626537346537643132626434333362636332323531363036366239383538333134646439
3232333766373836320a396238653065623437373365306565333534663961396262633266336631
39363466643463616536323636646133356561353631393563323235333463646362353636363065
63313663333631613835623737306361663566663236393062663538623465613433633363346164
65373461363734336539316335396130393361386134626462666265376338653661643639393136
35643463393130383161633362313531336638626134393432313632623933653265336130336437
65633763616263383133623965646338373266326534373531323332326261626139356131333731
33376436646639303439616330636466623935333761653339643237353336636239383937366564
32663235326436323639303933616666323438636238313536333861343839613031653266353433
63353364306462313532383936323934616138303139316162646663626536646232323832613839
62653937363864366432333531616539363865333735333062373435313837313334373734393065
63623632383932363430333535626164663262396663366234616439303732623431363663363831
64633263356433666361383138383438663030373566306433646261623136343536303162363065
34623139613161333432346533653463623466323337363336636632303431343832663637313331
34326436303138383634343031373336336161373163386236316262323134393061666237363335
64316566316339623037633162646131666465373330663437353736393964613865383639656130
33623636376536653165623161613662636438346337363134636332346438666633333264363533
37356438656264323465396230363236623538363162366361363766623730303662633539396566
61366464323834393064636239386566616331313830633031353035613031306337636335333034
38623465646630623266303930343366666265653862323063343634313266333036313035636438
65306431326464316165316564323639383037306532386663663764333834323563393036636664
65353132383835333736323964656434643564376561383330613231363934356637343266303164
30636432353863636464623035663935376239663661313262336561303162623961376434353631
30326566353263626234313034376565333763343035643264383231303839353337653265383063
33643361666661353764366436663930393734336634616133616436633731323035316362653631
62666162326638346463386233616535626231396330363834653036346463386632373465633462
64343233383232356465366538316432633036666134326533393962633232366631333738636330
32313833643866626339346265396661326530393530623032376332323433363362396566656365
36663765633366386466373866346334356461313163396536663764316566376563306633313564
35386631643736306634363232656534656638643738333263653161663062396439393931323737
62623336336439323961336438363133396631613361643333363131643865396130386263396361
61353464616232613836303232316566623565393666663537373739326336663535633535623565
38386339323165343839633437386236613437613131373635633932666332616133353765666430
37366562353463313366613464336365613561616161663130653366346134346534313639613839
32383730333964666166653063363935336632316139663732306264616331613334363162376635
34643766363832656262343565346665363964386464336533336437383837346166346635306437
35333839636636613561643530346438303938373262356162343036383834633266666531363538
33323862333734323530316664623262653061363364306563646131313564613762343637386638
62336562336462613762303431613637653233623139613335656165316364303638666561336464
32326661373666393736613264663031373864316132343864626234643839626334623266623439
66333639353235316231386337366633373061666363346163313732303864393261313361363737
32616436353638396636373933616266623139396339373939326362303031386239663063323038
33626665376537313361373339373064643866376535613166326336306433666633353962303162
35313866666330643666343865313235346635363464653261393363646237366266636465633962
62343661666238616664356362396539393638383237656538633031346362356231383134316130
61336634303830663431363930386233333536333434646332633237396630613030353830313235
66343531333966396431346535353730333836353363636361363035323961323037333337363431
64333161623432653062623835623138343166316539383736333261306438623036656163613030
33656532373730663931353435346538306562633234303738363435393333636132376531363538
31663730633533306639623935323936333834623634343165313862326332336638666362633231
31323564356234343931353538386663653863623835303035393434303136316436343636633430
64383732666431656337613630376362323863613234353235353932616430343836373333653361
38613963363463353732653535386266366264313736633934333766343437643537613631343939
36366636393564626635646564643033626433623765326565326165316161346465393632636536
65626431656336623531353762333334343036343034363137663838323665633565666365303834
34306563373539663632623430626666653131353133336235626163626432666631343134343938
32373532353734616366323232393064666134313636333663366233626333643037383538363934
36333238623566333534313561306264363634373130623935353439393036323336393966626533
39396265646365356238363036393232326332653264623138373963393565613164353666313933
32313166623331373136316335333165653134323839396231343764633135386266653464373136
62353730323863366630656531653934633062363365363839333761663435613830663562356665
30363238363533383830303334356631663662636164376333323038373637383162303036333134
33373435383562663634643632386638663131613762353639386233326633653465393666333362
35666162623838643361333862666566653134316433356666303532643562353964343337356234
62326335326438646665343936666233623764336232363835343436393230613536313036323333
36383066653436343838633063656666643864643463336662666634333538613634633634323030
35373662386132613939393164323466646637326161363439663730633164313962336139303932
36346537653130356664306432396464303035386661323461643666666237306636633234613564
63626166326431376264626264646338383938343262376234386432653538666632373562363832
64363931373234313431636436613730306130646332303735353434393066306338633138353531
35396162616164653037646632383832363139363635363030613434363737323330626536356231
62373832373732386130313362623134626135666266373838373061623564303633646631623966
61363931383464643537333761313437306134356561643739376237663836613632303739303166
38363733303837363734353861643866346665323030393463666165663034653065306334303662
31333833353137646232376663313735363230376438313038613266623531363666636363396633
33666632323131623565663834313031393439323630393931323530623836353933393036333835
66323261336638633931343365656661393864376332396439346437343334353437623637353966
34333765313064343739376465613664643231646162313462373361356633383765383939303661
66656632386532303665383837303263353633313035363531636162626364386138323130626234
65386338383438313734323532633939393739313766356335363130386431643838336339656164
32353035366436396161313164373530386566623232656664396431326539343965323332656537
36383962393062616361393733333030303637323866666461656232633730336261616433346633
37333662373133353565363130333733346432336336633365366161313734356661643363626235
33386266396166313338386533303339616262393338323737343437613437613531373431633334
61613533343063626534373361323238626239396334333863393161353065623235346162633365
38393439613030303761393666346538386663333737613963663764383364666338313131323164
61386333313234383036373765303466393930653533363736366161663931383963663831306436
35313431313566643033303665653862363463666539393636363266623566626164376663316262
37653166666334396663366530616662663937626330343130383831613630373333643035346235
30366330386662313937666464346632393363313432333261623633336161646539363462616463
62376531653133363036396230363763353365316161623063363339306365323362323939653434
34333031366536633339383336313866373764656135373535393035666435396266366638376636
66303262373235356266663439633434613161386530333831626463353535303661653364366432
64393330383432363161623336383233653264666661326436383061343064386561313139346339
63356130613233643131656230643139633863623966353463376335313231363639333461396234
65633665646462626433303832313038326638636136663933333333313038373336363931323231
32306563356134376538383961386533616537323430623631313366663864356331633533643965
38376230333131323033656537656431396164383462633335363331336563646334386139646336
66346465353438303739336632393134316134646538393438336265623766336437343632376131
35656162303330663031346633393136343031626666363661656531386264373037366664613331
32643862643135663839663861633766326438363462333939316465383662656461363562616532
36663634613639633031653636356363376130643433363339626237663630363634376132346564
63366235323365616664646232363237656233333565613264613963356430353137313865383033
35663662336462336136333132643864316230333837373735356531636366313461343134643731
31643361343562396433626232353862303435653333663362396639616366306332646430633834
61376166323631323066303666316438356663366135323436333633633039333265313462396236
33326537353531393665336465316261313236363831643239663236303736363037333133643131
39343636323934373837636131326262313561626633313837626336656438383861613031633932
37343639343562306532373231393863326230316163633234396437336638393933373835396130
32373830386532356132386166333133323166646637333635613866303936333562333065383431
32613339383065316237333938353437636130656530396333643435393163653535643533353636
36336239666664663435346263633335323764653762336235343633623963353030643162366234
32626239343038333964396235316537353237633838636636323734376531613837663539623235
39313961666338353461356539613861306164373266633339633232363531646563306431333865
38656134346636393135346138303636373332663431323538393564306431666365623932343236
39653134613438343334656163356330306433633533653931393964333431313331336466303663
65393232326636396462333564316364343333363135303365313564616339396338386533336263
33366261303138343331333066363334646466356637316231333437363664643365363662626362
61363236376233353762363435643465633834393137386434643232343563383134646664323663
35643537306636656631636639653663663831336438666536663837646634643438396534363066
30643231343639383634376566326463643935373733393264636330666461396236386632353236
31393461643565333333326533353332313263613565326166383766633863663835323031653132
38613239613537643766366163386633393130303166666337306161653865313762643265333535
36623336653234626463653265623031356262633066636536646235373030653235643733333932
38386565623330373734666438333066346134326663626337306162353035636534356663336131
32353461646136643939626231643034333764333330633933353737306564393461396137393262
39366461656562393133353661363765643665323338356332333332343630326332376231363537
61306464333339363434646662623133303736343162623336333333356265316466313034323065
33396663396135306433613266316430383538633932393530646266646139343063643332323263
62383932616562393937613331656438646162396165393163336534336662346530646666646364
61643866626333333034336465306334616165323065396464386633376536303134646131336662
33616231306134313562623537363438343534383937613138373637626439646432386333656433
63313839383664313365333136393263316466323061666637336332353663653639393762356364
65373937393665363466393463313266316631313635376163613439653963373138306639396139
3035
